# timestamp tx ty tz qx qy qz qw
0 0.035115521401166916 -0.05256367102265358 0.03394141048192978 -0.1030320357160771 -0.05217512002697223 -0.031523311478076056 0.9928083579889863
1 0.03577464446425438 -0.05431079491972923 0.02334427461028099 -0.10329295792935606 -0.04996848074418194 -0.03171658770255092 0.9928886009061807
2 0.03553150221705437 -0.05389460176229477 0.02034958079457283 -0.1007980099519194 -0.04822340369018705 -0.03169060273644004 0.9932320795614932
3 0.03526381775736809 -0.05243596434593201 0.015347939915955067 -0.09556797237745367 -0.04630788590336868 -0.0323834906288986 0.9938177172662604
4 0.03546307235956192 -0.053267717361450195 0.00950512196868658 -0.09537330013730036 -0.043574100070799544 -0.03278099881194082 0.9939470008900224
5 0.037406954914331436 -0.05590795353055 7.060480129439384e-05 -0.0961648116295265 -0.04555680692554988 -0.03187930487645513 0.9938111574319722
6 0.03859687224030495 -0.056985970586538315 -0.004283510148525238 -0.0948072952429632 -0.04791869687123446 -0.03142569868422253 0.9938449607318535
7 0.03939098119735718 -0.0580444373190403 -0.011417618952691555 -0.09539977596617234 -0.04830868950731815 -0.03222489410123443 0.9937437873022343
8 0.04020214453339577 -0.057752836495637894 -0.01687532104551792 -0.09667100024679587 -0.05089129960876669 -0.032102198732296354 0.9934959719724549
9 0.03987393528223038 -0.05739425867795944 -0.019517118111252785 -0.09703892778782555 -0.05019131403835081 -0.03233150760531287 0.9934882776027646
10 0.03995879739522934 -0.05717753246426582 -0.02095092460513115 -0.09711715600817197 -0.05118627583534401 -0.032738485080281494 0.9934165281114293
11 0.0403587631881237 -0.05630729719996452 -0.0232685673981905 -0.09603961293433476 -0.05195000805035304 -0.03220330489835148 0.9934991291965762
12 0.04032839834690094 -0.056391119956970215 -0.02392914518713951 -0.0967555006728579 -0.051948100620824916 -0.031917199954270455 0.9934390127261088
13 0.04078909754753113 -0.056791916489601135 -0.02590193971991539 -0.0947878560396972 -0.052741375091617484 -0.03133128453550884 0.9936055390303017
14 0.04089849814772606 -0.05800159275531769 -0.025794407352805138 -0.09545223328544453 -0.05306151754127595 -0.030998409741891664 0.9935353278164991
15 0.04133132845163345 -0.05738406628370285 -0.0244539063423872 -0.0937367872168514 -0.05352129191666231 -0.03173159390285179 0.9936508441135798
16 0.04124896600842476 -0.057446256279945374 -0.024205980822443962 -0.09353378068844781 -0.05302678929611726 -0.03181599260074201 0.9936937853070164
17 0.04148545116186142 -0.059079609811306 -0.02493082918226719 -0.09368660829350732 -0.05341070650500095 -0.03217950261337309 0.9936471175072747
18 0.041006654500961304 -0.058931104838848114 -0.025386538356542587 -0.09320651962290956 -0.05275681293552023 -0.032638407599127395 0.9937122298806246
19 0.04082008823752403 -0.05874266475439072 -0.0256502702832222 -0.09281093976020532 -0.053706924332137605 -0.03269651480939048 0.993696454542921
20 0.04111044108867645 -0.06101704388856888 -0.025567281991243362 -0.09184947730415757 -0.05401618610206542 -0.03196759072680455 0.9937927296886718
21 0.040569666773080826 -0.06460696458816528 -0.02505084127187729 -0.08946827044861569 -0.05419878233536648 -0.030934788748137005 0.9940326759471821
22 0.04059857502579689 -0.0646500214934349 -0.024904415011405945 -0.0881154756880057 -0.0546734855016786 -0.030991892031878417 0.9941257333295918
23 0.04015347734093666 -0.06648408621549606 -0.025266528129577637 -0.08738325648449861 -0.05307907566987042 -0.03099958520171343 0.9942765208595041
24 0.03978803753852844 -0.06910248100757599 -0.025450807064771652 -0.08456932506180903 -0.05416811779523626 -0.03153270999744735 0.9944443379293475
25 0.0393809974193573 -0.07167553901672363 -0.023839501664042473 -0.082158270369035 -0.05511827921281698 -0.032483588074120634 0.9945636291507086
26 0.03824099898338318 -0.07393743842840195 -0.02156948857009411 -0.07776809645040862 -0.054515798795355314 -0.03216859871241205 0.9949599601366689
27 0.03825555741786957 -0.07380286604166031 -0.020861279219388962 -0.07799831309842815 -0.053888610473997775 -0.03271800643684131 0.9949582003794337
28 0.03881796821951866 -0.07376480847597122 -0.021205920726060867 -0.0767416869070618 -0.05342109159900889 -0.03211269512560109 0.9951008354543086
29 0.038383472710847855 -0.07615212351083755 -0.02294950932264328 -0.07603902863466315 -0.05122811813280427 -0.03397201115297267 0.9952083392413095
30 0.038265127688646317 -0.0761512964963913 -0.022927045822143555 -0.07559388261078161 -0.0508748884802589 -0.03318999228887944 0.9952867642343648
31 0.03839844837784767 -0.07601568102836609 -0.022860072553157806 -0.07550309917742007 -0.05110109725278659 -0.03295249875464382 0.9952899532069942
32 0.03786807134747505 -0.07768002897500992 -0.02220843732357025 -0.07392227820620008 -0.05131638497811203 -0.03227569128130542 0.9954197042870484
33 0.0379953607916832 -0.07804858684539795 -0.021907474845647812 -0.0718358969220183 -0.05024499716317684 -0.0341970976064894 0.995562961750449
34 0.038193993270397186 -0.07825782895088196 -0.021124595776200294 -0.07103976972555989 -0.04940747914339757 -0.0335622858997881 0.9956836005624137
35 0.03842715173959732 -0.07878196239471436 -0.020965274423360825 -0.07057849338632186 -0.04909369313436235 -0.032965096412038326 0.9957518720161489
36 0.03860477730631828 -0.07888346165418625 -0.021746905520558357 -0.06865067583038112 -0.047304782616453676 -0.034430686430695766 0.9959236298939754
37 0.03893548250198364 -0.07900992035865784 -0.021827606484293938 -0.06787716864124939 -0.04759028097097139 -0.03317718563543005 0.9960055891927674
38 0.0404176265001297 -0.07990574091672897 -0.022162679582834244 -0.06775906736749975 -0.047525478634684 -0.03278958573328945 0.9960295563002621
39 0.04070402681827545 -0.08006152510643005 -0.022806411609053612 -0.06703222250406961 -0.04591731518266626 -0.033595011117544656 0.9961273262498432
40 0.040717341005802155 -0.08123708516359329 -0.02303769625723362 -0.06620279789996981 -0.04476569808924803 -0.035728800102841136 0.9961609612023301
41 0.03979906067252159 -0.08121233433485031 -0.022987985983490944 -0.06600319299479752 -0.04459489511422406 -0.035138795240989666 0.9962028593256288
42 0.04020089656114578 -0.08298961818218231 -0.023225512355566025 -0.06461921199154075 -0.044743105289781974 -0.035639904763257464 0.996269150792787
43 0.04020069167017937 -0.08315227180719376 -0.023581385612487793 -0.06433740758176652 -0.04358690690813823 -0.03640060385042127 0.9963111341043634
44 0.04024104028940201 -0.08258632570505142 -0.023182041943073273 -0.06440882239902583 -0.04332431330921063 -0.03669041212576155 0.9963073426667082
45 0.04082383215427399 -0.08325044065713882 -0.022742141038179398 -0.06396737709302047 -0.042273084942800465 -0.036315688016416964 0.9963946692009242
46 0.041073210537433624 -0.08365498483181 -0.02196779102087021 -0.06310539951286825 -0.040271601065289854 -0.036712399998345836 0.9965179961068193
47 0.04163104295730591 -0.08312439918518066 -0.02051539160311222 -0.06317466992010964 -0.03953417945082193 -0.038322580874250584 0.9964825039871816
48 0.041512906551361084 -0.08304619044065475 -0.020663293078541756 -0.06286732259544194 -0.03883061473935771 -0.038250514486835044 0.9965323810087094
49 0.04155616834759712 -0.08439251780509949 -0.022435978055000305 -0.062056890594925494 -0.03771719429404478 -0.03833059341420617 0.9966228650561941
50 0.04159901291131973 -0.0851435735821724 -0.023861965164542198 -0.060416725758517136 -0.0370847152780743 -0.039075615686441065 0.9967184389278048
51 0.04083506390452385 -0.08688715845346451 -0.023916665464639664 -0.0595920273097686 -0.03657401710745689 -0.037817419284764224 0.9968354848127222
52 0.0409020371735096 -0.08825968950986862 -0.023703891783952713 -0.05783882037110119 -0.03696751162108323 -0.03746981282730847 0.9969373534023523
53 0.03987206518650055 -0.08926554024219513 -0.021083414554595947 -0.0572790100533424 -0.03531910493136155 -0.03707600591899508 0.9970441585028564
54 0.03854445740580559 -0.08858124911785126 -0.016544906422495842 -0.05576340581776638 -0.036165005598264674 -0.03586260394100877 0.9971441228524194
55 0.03841404989361763 -0.08937618881464005 -0.012321568094193935 -0.0546177759551849 -0.03638628329595488 -0.03501668383840817 0.9972295456488689
56 0.038716673851013184 -0.09089389443397522 -0.011112725362181664 -0.055017319553861764 -0.0365726137032572 -0.03477101269285901 0.997209365518929
57 0.03876492753624916 -0.09225540608167648 -0.010883623734116554 -0.05374031923657608 -0.03659851358526103 -0.03572371261800621 0.9972443760282729
58 0.0388406366109848 -0.09427208453416824 -0.01190442219376564 -0.05236328143054255 -0.03321448701633282 -0.036808186670817034 0.9973966342866368
59 0.039309658110141754 -0.09692272543907166 -0.014198561199009418 -0.05074440567300122 -0.03146430417458471 -0.03811090523275399 0.9974881304605959
60 0.039730630815029144 -0.09906107932329178 -0.01596047356724739 -0.051270883321101135 -0.03156079014537207 -0.03859128808155299 0.9974396831278929
61 0.04008067771792412 -0.10061726719141006 -0.017909182235598564 -0.04976008171409153 -0.03180468765096444 -0.03881828581961328 0.9974996406511505
62 0.040280766785144806 -0.10083440691232681 -0.019486377015709877 -0.049231521981906896 -0.02989401413835244 -0.039215117172901284 0.9975694384104451
63 0.040040746331214905 -0.10215244442224503 -0.020582467317581177 -0.04814021088162042 -0.028863405955783066 -0.03936310893709728 0.9976472147724385
64 0.04039786383509636 -0.10145900398492813 -0.02120800130069256 -0.04837738942775618 -0.02771349393022976 -0.04047699171612963 0.997623779437608
65 0.04043072834610939 -0.10163059830665588 -0.022033724933862686 -0.04837670128471501 -0.027022600359702966 -0.0407657992824777 0.9976310012836669
66 0.04025206342339516 -0.10467474907636642 -0.023222392424941063 -0.04694231424453469 -0.0272290082040282 -0.04038741213293997 0.9977093030524319
67 0.04040015488862991 -0.10465436428785324 -0.022657904773950577 -0.04697621156029962 -0.02685930650242069 -0.04052261084970462 0.9977122453166946
68 0.040632061660289764 -0.10452395677566528 -0.022292880341410637 -0.046807010112360076 -0.026373106651951205 -0.04034821018371334 0.9977402411991788
69 0.040774744004011154 -0.10536237061023712 -0.022677039727568626 -0.0452237012725699 -0.026394101017235626 -0.04063600235877722 0.9978010169663851
70 0.040251441299915314 -0.10596616566181183 -0.02287837490439415 -0.04488070811289765 -0.024410904838875137 -0.041889206984252636 0.9978151742987155
71 0.040625616908073425 -0.10394179075956345 -0.02278810739517212 -0.046510888813932706 -0.02439569494604514 -0.041533289412314184 0.9977557659178512
72 0.04073335602879524 -0.10365018993616104 -0.023545609787106514 -0.04632638239928812 -0.024384890548857605 -0.0415574840263137 0.9977635991257697
73 0.04066804423928261 -0.10445719212293625 -0.023944120854139328 -0.04684529474644697 -0.024207797454698057 -0.041021495716241044 0.9977658691764382
74 0.04072649031877518 -0.10355721414089203 -0.025260495021939278 -0.04693849103874559 -0.02449729561976425 -0.04054709278476965 0.9977738217803093
75 0.04081884026527405 -0.1022389680147171 -0.02653818391263485 -0.04786368216855072 -0.024649191004418092 -0.03905528602625685 0.9977856348269867
76 0.04101455956697464 -0.10185501724481583 -0.026107018813490868 -0.04741851288985213 -0.02468370585253307 -0.03835351069994281 0.9978332514864525
77 0.041407037526369095 -0.10117592662572861 -0.025528594851493835 -0.04801569146833847 -0.025198594798183864 -0.038145193540925305 0.9977998073115864
78 0.04135441407561302 -0.09607598930597305 -0.024454323574900627 -0.04867918211042962 -0.02485909058564663 -0.03752628702572638 0.9977996505043754
79 0.041988786309957504 -0.09429746121168137 -0.024834737181663513 -0.051078406591860914 -0.025468002831890095 -0.03587400427786426 0.9977251269552848
80 0.042192619293928146 -0.0936339721083641 -0.025553347542881966 -0.05126081502854948 -0.025509908062314107 -0.0346978104247922 0.9977563035661181
81 0.04243180900812149 -0.09190493822097778 -0.025319773703813553 -0.051179816457870994 -0.025816307741147845 -0.033773209491436265 0.9977842982124138
82 0.0433625690639019 -0.08892963081598282 -0.024779412895441055 -0.05284617523928651 -0.025108388185582847 -0.03296538489972224 0.9977425187704289
83 0.0439913235604763 -0.08693604171276093 -0.025345979258418083 -0.05285268384365144 -0.02576319222775716 -0.03283709015502842 0.9977297120317266
84 0.04318265616893768 -0.084955133497715 -0.025521939620375633 -0.05312590988588622 -0.022845904242260167 -0.03262660551372127 0.9977931691180981
85 0.043444517999887466 -0.08369699865579605 -0.024582652375102043 -0.0539265116025678 -0.02268620486005193 -0.0318734071123597 0.9977782050193845
86 0.044511303305625916 -0.08119964599609375 -0.023396480828523636 -0.05648901538281191 -0.02309240680308793 -0.031521807523907985 0.9976382604185408
87 0.044413961470127106 -0.08125851303339005 -0.020946763455867767 -0.057304071536474314 -0.02274758920328355 -0.03053128474781276 0.9976305083775321
88 0.04497845098376274 -0.08004550635814667 -0.015585278160870075 -0.05909309369392161 -0.023903797341570717 -0.029542096234260063 0.9975288823614324
89 0.04575071856379509 -0.07890758663415909 -0.012522258795797825 -0.0611553038278543 -0.025360501408890162 -0.02972840163422637 0.9973630783572391
90 0.0456816665828228 -0.07693937420845032 -0.007302227895706892 -0.06104648423801083 -0.02489369332306652 -0.029314692696620844 0.9973937433816844
91 0.04576174169778824 -0.0766180232167244 -0.00194079231005162 -0.06166701040451026 -0.025825604139276096 -0.028335404850116708 0.9973601798847223
92 0.04596266150474548 -0.07818274199962616 0.0021245647221803665 -0.06351773047642433 -0.027763513516348225 -0.029150213757574255 0.9971684585972064
93 0.044726572930812836 -0.07887930423021317 0.005396012216806412 -0.06341886876197059 -0.027101086794774167 -0.02875298611244399 0.9972045165486618
94 0.04432036727666855 -0.07893525063991547 0.006414689123630524 -0.0631397989777073 -0.02679579928923519 -0.028631199649763215 0.9972339761077326
95 0.043682873249053955 -0.08051140606403351 0.007942174561321735 -0.06266371052777121 -0.02777590433200917 -0.02760350528697847 0.9972661691881571
96 0.042886268347501755 -0.07995503395795822 0.009014970622956753 -0.06254962721377519 -0.028295112190293806 -0.027541712099552754 0.9972604389108123
97 0.04323901981115341 -0.07637342810630798 0.01054886169731617 -0.06360369911635924 -0.028734299670432034 -0.027980100135168832 0.9971690040338679
98 0.042432017624378204 -0.0753062292933464 0.012882478535175323 -0.0654854751176839 -0.029140689020036855 -0.027971490352479454 0.9970356396242355
99 0.041693441569805145 -0.07404621690511703 0.013644702732563019 -0.06674349495831387 -0.0278044982590385 -0.028376798268939737 0.9969789274446116
100 0.04231637343764305 -0.07356242835521698 0.014111766591668129 -0.06830000890060998 -0.02785770337706922 -0.028549003151645987 0.9968671003166192
101 0.042659975588321686 -0.07327290624380112 0.013071500696241856 -0.069664332148349 -0.028554014169204528 -0.02810921375319866 0.9967654786889807
102 0.04191037639975548 -0.0721006691455841 0.0110818175598979 -0.0699317909422957 -0.028423896847377096 -0.028552197144474333 0.9967378740259568
103 0.04205908998847008 -0.070937380194664 0.010772660374641418 -0.07137700387886475 -0.028798800434743654 -0.029093300732219825 0.9966090197275389
104 0.03983129933476448 -0.06741359829902649 0.010392015799880028 -0.07159438844368236 -0.030429995468456324 -0.027475596573093834 0.9965908680009602
105 0.036122195422649384 -0.06235421821475029 0.007766442839056253 -0.06995537244170669 -0.031217287078536653 -0.026714189137426025 0.9967036081979795
106 0.032843634486198425 -0.05743668973445892 0.0053668515756726265 -0.07539289931156352 -0.03724609995981878 -0.025721600510035143 0.9961260098488001
107 0.031117934733629227 -0.05423903465270996 0.004482162185013294 -0.07845510506979786 -0.04043500428086146 -0.026860102961685808 0.9957350739613346
108 0.028857698664069176 -0.052980899810791016 0.00048563172458671033 -0.08210111189493005 -0.037615605720764216 -0.026728604498531004 0.9955551486467435
109 0.02773163467645645 -0.0492788702249527 -0.0018486647168174386 -0.08424863063993036 -0.03983721480172459 -0.026007510029626084 0.9953083756868916
110 0.02488153614103794 -0.043629005551338196 -0.005226728040724993 -0.08418823400266731 -0.038533014007298916 -0.026441510993091374 0.9953534011581311
111 0.024784820154309273 -0.04378853365778923 -0.006925119552761316 -0.08339453392856856 -0.038710614712655175 -0.025829309733721224 0.9954293971380695
112 0.024719510227441788 -0.04379706084728241 -0.009233111515641212 -0.0838993840441535 -0.04032569363272637 -0.026552695458911143 0.9953038168847297
113 0.023915626108646393 -0.04304080456495285 -0.012126347981393337 -0.09370790243357373 -0.05073100048003862 -0.026204501117728415 0.9939610257202561
114 0.024144208058714867 -0.04346989095211029 -0.014928526245057583 -0.09532023538141468 -0.0592625206766652 -0.02444300852999704 0.9933803626636122
115 0.025502389296889305 -0.04363774135708809 -0.015915589407086372 -0.1134990146519193 -0.07429200925831284 -0.02593410352394116 0.9904171325453541
116 0.02523137629032135 -0.04467727988958359 -0.015185602940618992 -0.12821195948213102 -0.08160497363989527 -0.02975639021103789 0.9879356654568789
117 0.020444924011826515 -0.038875579833984375 -0.017506219446659088 -0.1341120482515736 -0.08518753187928622 -0.029622611398448618 0.9868533558371516
118 0.019149597734212875 -0.03802739456295967 -0.019045956432819366 -0.1324050167117833 -0.08749590550000667 -0.027544502419700242 0.9869420850660686
119 0.019337184727191925 -0.03852948173880577 -0.01767999678850174 -0.13219495421331248 -0.09165356638789598 -0.02804729037635432 0.9865786696889092
120 0.01775289699435234 -0.03736993297934532 -0.01690179854631424 -0.1354420549377849 -0.09161443456860609 -0.02929801205493059 0.9861054121816901
121 0.015707245096564293 -0.03348071128129959 -0.015816377475857735 -0.14107899075176103 -0.0953745982104243 -0.0296290993009059 0.9849479763699416
122 0.01578287035226822 -0.0332791693508625 -0.015802545472979546 -0.1421130359982208 -0.0960658242898564 -0.02982360870370799 0.9847262527844851
123 0.0160355381667614 -0.03128287196159363 -0.015337852761149406 -0.14405295574057997 -0.09786356932202381 -0.031038390049814433 0.9842296901808854
124 0.013957666233181953 -0.027079584077000618 -0.01450405828654766 -0.15019195731717003 -0.0966251742139577 -0.03167659096750939 0.9834137188994109
125 0.013696492649614811 -0.025534003973007202 -0.014200392179191113 -0.15219207125946926 -0.09734814621028444 -0.031811614847046525 0.9830304909281874
126 0.01281985267996788 -0.02325650304555893 -0.015012450516223907 -0.1556390298084587 -0.09777751847037003 -0.03199020661147735 0.9824421996181328
127 0.01349836029112339 -0.02477608434855938 -0.017640000209212303 -0.15547899043051552 -0.09668329389244368 -0.031893698345545486 0.982578962746835
128 0.013795766048133373 -0.025809800252318382 -0.01887238770723343 -0.156057056978357 -0.09789023866227073 -0.03175251213504394 0.9823723736951296
129 0.013060560449957848 -0.02448676899075508 -0.019300412386655807 -0.15799498154031996 -0.0989457901965565 -0.030870396938511704 0.9819848925954113
130 0.010733162984251976 -0.017756953835487366 -0.019683469086885452 -0.15786002811483327 -0.09856051925808533 -0.03296710575375467 0.9819771914902147
131 0.009826363995671272 -0.01229034923017025 -0.02002384513616562 -0.15870498142733683 -0.09779578618417238 -0.03377949441955669 0.9818898347259662
132 0.009087330661714077 -0.01187717542052269 -0.020872095599770546 -0.16084501274824667 -0.0970469050466543 -0.033098303088660276 0.9816390799932622
133 0.009233943186700344 -0.012269924394786358 -0.021123141050338745 -0.16168503198145892 -0.09736531741650617 -0.03241910671539839 0.9814922036883009
134 0.00835262332111597 -0.015172707848250866 -0.022287890315055847 -0.16062098657748106 -0.09869809336096672 -0.03319339654629613 0.9815079094961114
135 0.008514461107552052 -0.016531866043806076 -0.02357868105173111 -0.1587050544626782 -0.09806563134726994 -0.03282480960260376 0.9818952980711564
136 0.007632933557033539 -0.014160582795739174 -0.02309718169271946 -0.16150499077685443 -0.10021299138209402 -0.032758298282742994 0.9812239212166661
137 0.006310506258159876 -0.011889945715665817 -0.022914981469511986 -0.161810056693111 -0.10099903880946152 -0.03232731249993932 0.9811073594380406
138 0.005745145492255688 -0.012170754373073578 -0.0213764738291502 -0.16350196002986517 -0.10341497446453822 -0.034249991341126114 0.9805097609374043
139 0.004233113955706358 -0.009076660498976707 -0.02004876360297203 -0.16248902654528188 -0.10208701439706289 -0.03376230589006342 0.9808341633402364
140 0.0036480980925261974 -0.007198648527264595 -0.017982520163059235 -0.16301007407671506 -0.10377604564135216 -0.03355751580999752 0.9805774552469589
141 0.003022898221388459 -0.007122003939002752 -0.017354179173707962 -0.1631240242086156 -0.10284201818884894 -0.033956206987860456 0.9806431770949762
142 0.0021284124813973904 -0.006212272215634584 -0.015145835466682911 -0.16244898449652775 -0.10469998922784893 -0.03362869670314586 0.9805699102489004
143 0.0014484591083601117 -0.00720572005957365 -0.013039719313383102 -0.16170204490781026 -0.10469302358979383 -0.030793307934160734 0.9807872330946636
144 0.0015372212510555983 -0.007065409328788519 -0.012891671620309353 -0.16164093511517724 -0.10587395591371566 -0.031296487117376044 0.9806545962917843
145 0.0015514228725805879 -0.006712178699672222 -0.01291282381862402 -0.16155393455334632 -0.10581795397187174 -0.031496587079005 0.98066857569966
146 0.0008487297454848886 -0.005135815590620041 -0.012840463779866695 -0.16277408538130178 -0.10565605169019789 -0.03073231496723959 0.980508507154287
147 0.0004386965010780841 -0.0051941778510808945 -0.012163391336798668 -0.16331500542869926 -0.10699100257849924 -0.031666200739515114 0.9802440446610957
148 -2.1118980839673895e-06 -0.005464378744363785 -0.010770267806947231 -0.16178599096718277 -0.10889199634388078 -0.030732598607472045 0.9803179818761043
149 -0.0009050869848579168 -0.004651571158319712 -0.010152888484299183 -0.16152796071219994 -0.10970497465660213 -0.03031879307942185 0.9802827696689494
150 -0.0011107005411759019 -0.004895190708339214 -0.01020232867449522 -0.16194708447844886 -0.11030905587425249 -0.029807115632866185 0.9801615123464608
151 -0.0016194608760997653 -0.005754068493843079 -0.010629500262439251 -0.16133994077342176 -0.1124849575252125 -0.028997488635559402 0.9800386207254494
152 -0.0019417989533394575 -0.0026482651010155678 -0.01164688728749752 -0.1625699408259602 -0.11250896501898251 -0.027927190044256197 0.9798636678095631
153 -0.0028068788815289736 -0.001012568362057209 -0.013228034600615501 -0.16764596241679752 -0.11339797433990229 -0.029516794197989752 0.9788587657618396
154 -0.0034288757015019655 0.0004081239167135209 -0.014148934744298458 -0.16480106236039227 -0.11222804180406151 -0.027988309914967955 0.9795213810990534
155 -0.0038806528318673372 0.0017085204599425197 -0.013624735176563263 -0.16410893353255945 -0.11363694890309065 -0.02682968901150175 0.9795075602670497
156 -0.006107320077717304 0.006621744018048048 -0.012017506174743176 -0.16626396102714014 -0.11232897272895516 -0.025795494549933566 0.9793227744282006
157 -0.008318409323692322 0.010604375042021275 -0.010164162144064903 -0.1661219393034527 -0.10971496105639648 -0.02480889126145963 0.9796686441410853
158 -0.008437463082373142 0.011642041616141796 -0.00932679045945406 -0.16541891613899198 -0.11140994272895728 -0.02527118700834152 0.9795844965421736
159 -0.009999536909162998 0.015797533094882965 -0.007276416290551424 -0.16588496369051658 -0.1122489752905694 -0.024725895538505255 0.9794238020052414
160 -0.011817523278295994 0.01650986075401306 -0.006300501991063356 -0.16703307395002484 -0.11066704769474053 -0.022584109980786735 0.9794604219285176
161 -0.012774593196809292 0.01719009503722191 -0.00533513305708766 -0.16928798858863228 -0.11077999056109972 -0.022606798741132878 0.9790599093507936
162 -0.015171688981354237 0.024648377671837807 -0.0065566012635827065 -0.15774001812868432 -0.10445101359982695 -0.016272902712542725 0.981806120335321
163 -0.018023118376731873 0.027469566091895103 -0.005890863947570324 -0.16108104928600991 -0.1000990319256693 -0.01601180435434319 0.981721290768449
164 -0.01807037554681301 0.027499517425894737 -0.005130553152412176 -0.16097101488878368 -0.10337901225838755 -0.015531801606688036 0.9814070888686365
165 -0.019160039722919464 0.02928137592971325 -0.004309176467359066 -0.16236694418083628 -0.10311596464269318 -0.015025895834261784 0.981212668103567
166 -0.019356444478034973 0.03034920059144497 -0.0037358703557401896 -0.16320896976289312 -0.10526497984245373 -0.015405696490212334 0.980838812183731
167 -0.02015537954866886 0.03064974769949913 -0.0035682504530996084 -0.16435396748591005 -0.1049019777003049 -0.015259297441907385 0.9806887923060691
168 -0.02040037140250206 0.030513305217027664 -0.0027256999164819717 -0.16517997389975994 -0.1058899842191737 -0.016130497967014955 0.9804298499548099
169 -0.020820097997784615 0.032520417124032974 -0.0011677045840770006 -0.1642419919468727 -0.10753099274298471 -0.01563089785182413 0.9804169234602289
170 -0.020852752029895782 0.033003371208906174 -0.00028080851188860834 -0.16481601411265018 -0.10935200934352564 -0.016724300867314718 0.980101064304844
171 -0.021590912714600563 0.03347447142004967 0.0010580705711618066 -0.16402306550693063 -0.11028404365567872 -0.016798105854385525 0.9801284077753802
172 -0.02271406352519989 0.03213709220290184 0.0034706818405538797 -0.16451700658937568 -0.11070700411631121 -0.016378000492886152 0.9800050330397732
173 -0.022854872047901154 0.03174585849046707 0.005449153948575258 -0.16574201208718653 -0.11467300696172818 -0.01749430051363016 0.9793230559201148
174 -0.023246103897690773 0.032225072383880615 0.005898975767195225 -0.16567199544756625 -0.114041997457515 -0.017188599415564432 0.979413996396633
175 -0.023361122235655785 0.03197028115391731 0.0071674915961921215 -0.166194061410309 -0.11616504201222415 -0.017053305212261977 0.9790783480455265
176 -0.02280682697892189 0.02970234863460064 0.009770767763257027 -0.16255601504474193 -0.12417501178804025 -0.0168123018487951 0.9787100943228872
177 -0.023895451799035072 0.030255397781729698 0.011997477151453495 -0.15963106650076325 -0.12424505481015291 -0.017614507263848837 0.9791684285952901
178 -0.025224512442946434 0.030925752595067024 0.01426838431507349 -0.1652820864704903 -0.12435806354290119 -0.016674409339500783 0.9782325198032409
179 -0.02549552544951439 0.03056863136589527 0.014311022125184536 -0.16280498244606026 -0.12500298560711579 -0.015755798738719125 0.9785808838423797
180 -0.025568945333361626 0.02946087159216404 0.013457302935421467 -0.15515504967068833 -0.12634904064751507 -0.013471704809959711 0.9796843107375416
181 -0.025495316833257675 0.029296351596713066 0.01259927824139595 -0.1574000330180676 -0.12783302615527545 -0.012903302539057478 0.9791411800652319
182 -0.02540338598191738 0.028047572821378708 0.011248522438108921 -0.15493599370003477 -0.12902399375575457 -0.011709699948823213 0.9793929394902942
183 -0.025271102786064148 0.027523435652256012 0.011697866022586823 -0.15560393104095024 -0.13036195221369834 -0.011729295071273755 0.9791095933445954
184 -0.025689581409096718 0.029382042586803436 0.013097936287522316 -0.15473303785678166 -0.13056002824518334 -0.010587002332686765 0.979234229793758
185 -0.025815831497311592 0.029166148975491524 0.014364018104970455 -0.15540706166868887 -0.13125905246524378 -0.011860405394966111 0.9790194312788659
186 -0.02605564519762993 0.03001391887664795 0.015888841822743416 -0.15696193914772136 -0.13207394065512007 -0.010469195697257794 0.9786775877536059
187 -0.02645394764840603 0.030834859237074852 0.016880271956324577 -0.15842194192201772 -0.1323339504399022 -0.010610296597936775 0.9784056626473194
188 -0.02699950709939003 0.031188445165753365 0.017368488013744354 -0.15989300979984897 -0.132696008661172 -0.010349701644944262 0.9781200804906597
189 -0.026997843757271767 0.030862314626574516 0.01769089512526989 -0.15882998525487932 -0.13382598585601796 -0.009709608836388835 0.9781458797602831
190 -0.027195435017347336 0.031277257949113846 0.01852828823029995 -0.15990599103698347 -0.13398199017658396 -0.009006859446537783 0.9779559226961552
191 -0.027277590706944466 0.031958840787410736 0.019143421202898026 -0.16086895766267123 -0.13443196850651118 -0.009270408019241743 0.9777337489200405
192 -0.027829183265566826 0.034302275627851486 0.02020409144461155 -0.15960703422426395 -0.13383802292532437 -0.008124772139479484 0.9780321887653801
193 -0.02804715745151043 0.03479791805148125 0.02029729261994362 -0.15954803947149243 -0.13343402731601645 -0.008336031752245168 0.978095240338282
194 -0.02887662500143051 0.036042120307683945 0.020848799496889114 -0.16053198521977105 -0.13368999349026714 -0.008607019624836685 0.9778969154481683
195 -0.029368940740823746 0.03655252978205681 0.021085910499095917 -0.16084604039826322 -0.13325903401293002 -0.008125501784580444 0.9779082600489984
196 -0.02984211966395378 0.03730088099837303 0.022059515118598938 -0.16196103304343965 -0.13410603013917968 -0.007902152245732928 0.9776102244020599
197 -0.030387679114937782 0.03872644901275635 0.023054543882608414 -0.16244599351637995 -0.13418899313529345 -0.007829439419279147 0.977518956056684
198 -0.0310520026832819 0.04143636301159859 0.023821614682674408 -0.16032093292763966 -0.13383894339948882 -0.007328616428277845 0.9779215854060015
199 -0.031354211270809174 0.041544727981090546 0.02387319691479206 -0.16058904077828134 -0.1338120355140243 -0.00691839138033441 0.9778842678535431
200 -0.032147906720638275 0.04116992652416229 0.02366645261645317 -0.16077800714782953 -0.13423300613921346 -0.006398669901651245 0.9777990599452574
201 -0.03251584246754646 0.042902909219264984 0.02422407642006874 -0.16042292567025873 -0.13465893538835558 -0.006438286844398038 0.977798557041884
202 -0.033073049038648605 0.044686637818813324 0.024705367162823677 -0.16229706574225825 -0.13449505168395148 -0.004961942172567195 0.9775203966003039
203 -0.033069513738155365 0.04434698820114136 0.024800211191177368 -0.1622579852505924 -0.1350469843604587 -0.005498199325007925 0.9774479094696872
204 -0.03317558765411377 0.04404852166771889 0.025997823104262352 -0.16121601990754345 -0.13708902047626423 -0.0056626304202927625 0.9773351130725204
205 -0.03394390642642975 0.04626008868217468 0.0275203175842762 -0.16098793095317593 -0.13651994459881492 -0.004233908363309138 0.9774595946671003
206 -0.0344717875123024 0.046938348561525345 0.02827303484082222 -0.16093599500848824 -0.13719799156459409 -0.004053700395797633 0.9773739762057522
207 -0.0348251648247242 0.04682353511452675 0.029005995020270348 -0.1608640198754414 -0.13772501951631322 -0.004192250433945844 0.9773111144303221
208 -0.03479146957397461 0.047136563807725906 0.029494773596525192 -0.16072107055296178 -0.13838806360814424 -0.004081341433611259 0.9772414403190685
209 -0.035928141325712204 0.04923061653971672 0.032512515783309937 -0.16199001338348495 -0.1374830096563484 -0.0024669302875946573 0.9771650667851409
210 -0.036025479435920715 0.04983150213956833 0.03425818309187889 -0.16190208484743215 -0.1387620707328973 -0.0029434510535404483 0.9769975151095811
211 -0.03614528477191925 0.05006299540400505 0.03464234247803688 -0.1624950755575055 -0.13866006706260126 -0.0029697216717380027 0.9769134653759148
212 -0.03623783960938454 0.05022543668746948 0.034754034131765366 -0.16283800193767184 -0.1383530048033251 -0.0025799705975979156 0.9769010109711984
213 -0.036271534860134125 0.0498134046792984 0.03494288772344589 -0.16222294790899927 -0.13899596124274047 -0.00335620954028214 0.9769097054284548
214 -0.03664342314004898 0.050581514835357666 0.03716256842017174 -0.16101702962145575 -0.13980703195615185 -0.00371434149148661 0.9769921768967553
215 -0.037872232496738434 0.05268804728984833 0.04079429805278778 -0.16361102292903612 -0.13934501835514887 -0.002827319816993315 0.9766301246117041
216 -0.038174860179424286 0.053773343563079834 0.04159651696681976 -0.1636270425861625 -0.13950403190508445 -0.003582651172368576 0.9766022635947514
217 -0.038622040301561356 0.053863197565078735 0.042205099016427994 -0.16463601859040322 -0.13931201544889366 -0.00408041979753316 0.9764581319351483
218 -0.03853863477706909 0.05394244194030762 0.04325857385993004 -0.16517594370777935 -0.13984495154866733 -0.003856898893228355 0.9762916647144109
219 -0.03962413966655731 0.05491271987557411 0.04515981674194336 -0.1656629353273328 -0.13793194599862885 -0.0044818484326256585 0.9764786112040158
220 -0.03970275819301605 0.054900240153074265 0.045416686683893204 -0.16631502086700867 -0.13782800916494212 -0.004766260515217043 0.9763810942961084
221 -0.03968050330877304 0.05474507808685303 0.045424383133649826 -0.16569892529097138 -0.13784693490111516 -0.004684547474105344 0.9764835630938896
222 -0.04001474753022194 0.05477232486009598 0.046705812215805054 -0.1672620659877591 -0.138106057463931 -0.004690341434990896 0.9761803756777264
223 -0.041132282465696335 0.05639195069670677 0.04839615523815155 -0.16738893263859675 -0.137575944142153 -0.0037331383713620826 0.976237609225387
224 -0.04171985760331154 0.05678962916135788 0.04927907884120941 -0.1680050370309013 -0.13738802258533747 -0.0034723908432394905 0.9761591955905523
225 -0.04252186790108681 0.05899079516530037 0.05088788643479347 -0.1673849734387516 -0.13754198455465272 -0.003515649583268512 0.9762438750227524
226 -0.04322820529341698 0.06454415619373322 0.05305972695350647 -0.16604607901772359 -0.1377650625905956 -0.003686052483054138 0.9764404220571515
227 -0.04413691908121109 0.06893421709537506 0.0572066493332386 -0.1676679306805018 -0.1377339442454049 -0.0027853794524641835 0.9761706138135587
228 -0.04424028843641281 0.06964367628097534 0.05914200469851494 -0.16826003333576328 -0.1390410250488742 -0.0034684002578636635 0.975881201555188
229 -0.04503544047474861 0.07153431326150894 0.06297049671411514 -0.1689580703782088 -0.13921906282830693 -0.004402302161185376 0.9757314350127192
230 -0.04576070234179497 0.073760025203228 0.0648811012506485 -0.16938004083547317 -0.13854603256841047 -0.004785341419291004 0.9757522655058082
231 -0.046151310205459595 0.0738968774676323 0.0649002343416214 -0.17077191734248634 -0.1380449383131848 -0.003912128359100814 0.9755845704703925
232 -0.04606249928474426 0.07403956353664398 0.06524424999952316 -0.17100705907439664 -0.13906804655773816 -0.003578661482098702 0.9753993316982874
233 -0.04721684753894806 0.07550922781229019 0.06725490093231201 -0.17212699151690564 -0.13924999083000422 -0.004183989627493863 0.9751739472108367
234 -0.04792630299925804 0.07893816381692886 0.06706146895885468 -0.17011000542169388 -0.13964601211012437 -0.003462409619996596 0.9754740332955776
235 -0.048666127026081085 0.08090970665216446 0.06566605716943741 -0.16972200485135897 -0.13833100148535687 -0.0014484295759802255 0.9757340159410574
236 -0.04864325001835823 0.08121316879987717 0.06546950340270996 -0.16943801311902956 -0.13839200521418313 -0.0018399893661796996 0.9757740652707089
237 -0.04857627674937248 0.0817776545882225 0.06501463055610657 -0.16939196106697746 -0.1390289643454159 -0.003266448904682403 0.9756877796372339
238 -0.048663631081581116 0.08334403485059738 0.06426607072353363 -0.16917101050534572 -0.13893401354426718 -0.0031318403512017017 0.9757400788050328
239 -0.0486060194671154 0.08464501798152924 0.06308405846357346 -0.16997106032071113 -0.14033505401395177 -0.004230680922573563 0.9753963374045844
240 -0.048364125192165375 0.08576712757349014 0.060979604721069336 -0.1685490682159382 -0.14039304857171872 -0.004944521469267163 0.975631361506248
241 -0.048198357224464417 0.08576712757349014 0.05984792858362198 -0.1691669342376079 -0.14051494471113343 -0.004997157662563293 0.975506600790211
242 -0.04804922640323639 0.08705896139144897 0.05823974311351776 -0.1683630275592613 -0.14147402751440255 -0.004772591482615481 0.9755081817830331
243 -0.04781066253781319 0.08822308480739594 0.057024866342544556 -0.1665860590047117 -0.1426370490125525 -0.005070762446523691 0.9756423735308837
244 -0.0474221333861351 0.08934623748064041 0.05573678016662598 -0.16555199058376474 -0.14320899847140814 -0.0053763597664674345 0.9757329545541946
245 -0.047287773340940475 0.0902414321899414 0.055418550968170166 -0.16534605428534066 -0.14366304661398618 -0.005523771987691897 0.9757003106174325
246 -0.04719916731119156 0.0925605297088623 0.0547446608543396 -0.16392406435316373 -0.14451005660335364 -0.006312832060209636 0.9758103716790483
247 -0.04721039906144142 0.0924706757068634 0.05460052564740181 -0.16514003855780765 -0.14439703651760283 -0.00817544258554849 0.9756082297404419
248 -0.04703652113676071 0.09391288459300995 0.05628025904297829 -0.16445195574131813 -0.14661096003779614 -0.009447958098063139 0.9753827560284604
249 -0.047558993101119995 0.09460778534412384 0.05717212334275246 -0.16477596541887504 -0.1463349662043741 -0.009103358703794534 0.9753727952139523
250 -0.04758686199784279 0.09469326585531235 0.057507406920194626 -0.16581901804829738 -0.1466770194991953 -0.00967817061803599 0.9751390840901806
251 -0.04771498590707779 0.0946836993098259 0.05675322934985161 -0.16661396196778078 -0.1455449717162549 -0.010399698356620133 0.9751657797407821
252 -0.04774930328130722 0.09522967785596848 0.05628899484872818 -0.16592306674756652 -0.14539305672630481 -0.01066260331317889 0.9753033875122504
253 -0.047853924334049225 0.09524402767419815 0.05640692636370659 -0.16677799937605198 -0.1454609995521919 -0.01079279992031403 0.9751459911059243
254 -0.04790820926427841 0.09625070542097092 0.05737366899847984 -0.16613398555016992 -0.1468389859356657 -0.011192399212459214 0.9750448947131611
255 -0.04836807772517204 0.09718333184719086 0.05835143104195595 -0.16644894322059997 -0.14733094376579914 -0.011560096861942459 0.9749126688653
256 -0.048862263560295105 0.09788509458303452 0.058679644018411636 -0.16654706577724282 -0.14722306399662066 -0.011373905369821987 0.9749143960248471
257 -0.04924559220671654 0.0986667275428772 0.05908481031656265 -0.16650991392986766 -0.14781291973045485 -0.011288294837829253 0.9748324824967706
258 -0.04968133196234703 0.09877196699380875 0.059221457690000534 -0.16706203693884514 -0.14694603637040501 -0.01136200234552092 0.9748682202023816
259 -0.0497015081346035 0.09879505634307861 0.059260353446006775 -0.16762402182458336 -0.14777502035418785 -0.011638601161614234 0.9746431486282788
260 -0.05016719922423363 0.09974640607833862 0.06011020392179489 -0.16656295299042734 -0.14848496446568646 -0.010985296289869521 0.974724741741292
261 -0.05100519210100174 0.09995148330926895 0.06173793971538544 -0.16822696551411154 -0.14941796419724243 -0.011207897489772202 0.974293766636188
262 -0.05121339112520218 0.10025952011346817 0.06213021278381348 -0.16839005203046387 -0.15001304612587382 -0.01028840386196433 0.9741842837381847
263 -0.05185192450881004 0.10147731006145477 0.06286400556564331 -0.16678998907347387 -0.15078399127333947 -0.009960048309640252 0.9743439230694679
264 -0.05275086313486099 0.10282217711210251 0.06481163203716278 -0.16672604055898876 -0.15229104154756845 -0.009165432144805386 0.974128252734502
265 -0.0538170225918293 0.10465145856142044 0.0673120990395546 -0.1665220090878929 -0.15329100371907986 -0.007944410786123658 0.9740170301337928
266 -0.053969062864780426 0.10566478967666626 0.06897498667240143 -0.16621005559683474 -0.1549410498556131 -0.007421512177100009 0.9738133300440825
267 -0.055596593767404556 0.10729002952575684 0.07287294417619705 -0.16681498816900295 -0.15439799030110654 -0.008547608515620142 0.9737869110138743
268 -0.05649157613515854 0.10939988493919373 0.07670871168375015 -0.16664998216776347 -0.1560889758797169 -0.007409309994480772 0.9735548854852628
269 -0.0572802796959877 0.11071231216192245 0.0801534578204155 -0.16803505935112412 -0.15764904690039377 -0.006860872702449746 0.9730693368911065
270 -0.057509277015924454 0.1113005056977272 0.08126162737607956 -0.167489084042012 -0.15825007428225726 -0.006333442933627786 0.9730694747131876
271 -0.05795687437057495 0.11177659779787064 0.08220715820789337 -0.16802496085280919 -0.15871695771202407 -0.005729539365567155 0.9729047787135398
272 -0.058038197457790375 0.11197793483734131 0.0821281224489212 -0.1678690917921494 -0.15892508871031624 -0.005586293478155397 0.9728985450181482
273 -0.058372024446725845 0.11251267790794373 0.08252247422933578 -0.1678909894341549 -0.15928899097391142 -0.005094210416053021 0.9728379520305858
274 -0.058575231581926346 0.11284130811691284 0.08273233473300934 -0.16782400534052466 -0.1594250043227793 -0.004941349183428079 0.9728280187705307
275 -0.05913743004202843 0.11395446956157684 0.08346924930810928 -0.16745605951237347 -0.1597810534611347 -0.004004421450782102 0.9728373163662489
276 -0.05998041853308678 0.11500544846057892 0.08490500599145889 -0.16797803974160122 -0.16006603414790047 -0.003813460931871239 0.9727012363432844
277 -0.0603208988904953 0.11583970487117767 0.08475442230701447 -0.16767799779330056 -0.16047600001939802 -0.003104930158035833 0.9726879773461412
278 -0.06053970381617546 0.11602481454610825 0.08457409590482712 -0.16741997812817955 -0.16026698528343866 -0.002780549290816235 0.9727678579619178
279 -0.06101309135556221 0.11665502935647964 0.08575506508350372 -0.168088949697269 -0.1609959524074271 -0.002914099999334725 0.9725317051825987
280 -0.06206968426704407 0.1187378466129303 0.08699552714824677 -0.16757802854490314 -0.16040902909815336 -0.001997150198134529 0.9727191521707518
281 -0.062181584537029266 0.12040635198354721 0.08629584312438965 -0.1662030515741447 -0.16059404705664784 -0.0007355153177022756 0.9729262900165846
282 -0.06205720826983452 0.12081796675920486 0.0859241634607315 -0.1663010648521141 -0.16122105759211194 -0.0011980506504120302 0.972805371783763
283 -0.06230970844626427 0.12171752750873566 0.08541417121887207 -0.1666779922289769 -0.1609630010383704 -0.000830773904946396 0.9727839803513066
284 -0.06209610030055046 0.12290535867214203 0.08460654318332672 -0.16570491311980018 -0.16191991918418458 -0.0007314842696135624 0.9727914861706496
285 -0.06198669597506523 0.12375292181968689 0.08301291614770889 -0.16547195631978753 -0.1628399576704166 -0.0004027968882557349 0.9726777591395286
286 -0.062409959733486176 0.1246836856007576 0.0823342427611351 -0.16564594676020508 -0.16250195028788933 -0.000255685917923738 0.9727047214916238
287 -0.0625324621796608 0.12521177530288696 0.08252537995576859 -0.16551597336242715 -0.1627679853557953 -0.0010047996357854848 0.9726818801383199
288 -0.06362608075141907 0.12716667354106903 0.08345717936754227 -0.16555492615667963 -0.1624419312243446 -0.0011714096336216651 0.9727295690884543
289 -0.06417309492826462 0.12873409688472748 0.08332490175962448 -0.16637105032541194 -0.1634130551900433 0.00019146434882340465 0.9724283066190025
290 -0.06479103863239288 0.12960954010486603 0.08370573073625565 -0.16738805831930817 -0.16419305484818883 -0.0014217403693891348 0.9721213175809458
291 -0.06527336686849594 0.13049349188804626 0.08460903912782669 -0.16760001563018473 -0.1647790182934137 -0.0010847898009945984 0.9719860724856343
292 -0.06561385095119476 0.13158772885799408 0.08551795780658722 -0.16846901284287386 -0.16545401228980364 -0.0011235894035889597 0.9717211000445064
293 -0.06624967604875565 0.13261312246322632 0.08681166172027588 -0.16891897456593719 -0.16525897468319964 -0.0013734795128152162 0.9716758459580743
294 -0.06719624251127243 0.1336393505334854 0.08795789629220963 -0.1681970058711983 -0.16373601021183726 -0.0023213798070169647 0.9720570353926673
295 -0.0672929584980011 0.13374647498130798 0.08837305009365082 -0.1690349650572209 -0.16412297590258237 -0.002905858784433353 0.9718448364385196
296 -0.06805816292762756 0.13523006439208984 0.08981567621231079 -0.16952995600725013 -0.1646009558388 -0.0008417610117332617 0.971681742450324
297 -0.06823121011257172 0.13567392528057098 0.09030216187238693 -0.17032892054050797 -0.165587916422917 -0.0014824894779813368 0.9713735126822198
298 -0.06839572638273239 0.1358332484960556 0.09069672226905823 -0.17120904431230977 -0.16595304123891252 -0.0016156000417740196 0.9711562467245429
299 -0.06851532310247421 0.13627876341342926 0.09099914133548737 -0.1704339718644215 -0.16606397721816923 -0.001440579886377959 0.971273879993613
300 -0.0686948224902153 0.1370275318622589 0.09191201627254486 -0.17046896388341776 -0.1667069630432878 -0.001271469730111109 0.9711578117839472
301 -0.06869170069694519 0.1372671276330948 0.09163206070661545 -0.1705720072660527 -0.1665830173409595 -0.0012081795941214554 0.9711610723162724
302 -0.06863158941268921 0.13742125034332275 0.09109606593847275 -0.1707709970070461 -0.16600099636664348 -0.000992929941990635 0.9712260044968096
303 -0.06863699853420258 0.13743311166763306 0.09119798243045807 -0.17110094156705774 -0.16614694119770776 -0.0012692790906321063 0.9711426520828264
304 -0.0687403678894043 0.137807697057724 0.09189849346876144 -0.1718389215650867 -0.16636993144850148 -0.0016640789514662771 0.9709735700858374
305 -0.0687655359506607 0.13849906623363495 0.09215973317623138 -0.17149010392041872 -0.16622409964334833 -0.0014282508886631175 0.9710605738428545
306 -0.06886433064937592 0.13877485692501068 0.09260836988687515 -0.17192503251079608 -0.16622003719567185 -0.0020838602770351412 0.9709831846948805
307 -0.06941758841276169 0.13901342451572418 0.0933452770113945 -0.17271806318463054 -0.16524206459565446 -0.0020852811652915543 0.9710093577412345
308 -0.06982920318841934 0.13999950885772705 0.09417911618947983 -0.17227707525285954 -0.16514707636203663 -0.0017939208635386493 0.9711044372314231
309 -0.07005549967288971 0.140889510512352 0.09527647495269775 -0.17254405751067398 -0.16604904411842064 -0.001751269960013598 0.9709032877016446
310 -0.07059939205646515 0.1421203911304474 0.09709015488624573 -0.17229897378586115 -0.16648798181909183 -0.0016234797427404969 0.9708718703906992
311 -0.07062705606222153 0.14245983958244324 0.09736199676990509 -0.1720340386558998 -0.1665980420541892 -0.002008250143174855 0.9708992512403511
312 -0.07082443684339523 0.1429891735315323 0.09791067987680435 -0.17210004527810085 -0.16621204440959572 -0.0017217205688232137 0.9709542561740547
313 -0.07107361406087875 0.14368656277656555 0.09871435910463333 -0.17229903496559984 -0.16620302900399306 -0.0012968698256794356 0.9709211676420718
314 -0.07088662683963776 0.1438656449317932 0.09743853658437729 -0.17269701717983363 -0.16542502411440374 -0.00038147155590892537 0.9709841131556773
315 -0.07089120149612427 0.14404264092445374 0.0975242331624031 -0.17344093693793516 -0.1654339447235526 -0.0008961554786292391 0.9708496535789045
316 -0.07081404328346252 0.14436233043670654 0.09781396389007568 -0.17340399944816873 -0.16624700035659812 -0.0012355499539277043 0.9707169790833581
317 -0.07104886323213577 0.14476312696933746 0.09787053614854813 -0.17351193595565886 -0.16583394435132215 -0.001688560006740587 0.9707676580150801
318 -0.07168406248092651 0.14548194408416748 0.09938928484916687 -0.1745840655086262 -0.16657806110692036 -0.002020220691900565 0.9704473607548784
319 -0.07274898141622543 0.147344708442688 0.10165555775165558 -0.17367205284688267 -0.16750004825629145 -0.000459148775359746 0.9704543011630318
320 -0.07308010011911392 0.14788901805877686 0.10177057236433029 -0.1730730253892543 -0.1673100287438492 0.000287349193243312 0.9705941505589741
321 -0.07348755747079849 0.1485256850719452 0.10163620859384537 -0.17262695779563786 -0.16663896414481147 0.0007236089681008677 0.9707887868866482
322 -0.07364895194768906 0.14921808242797852 0.1027146428823471 -0.17265294059500053 -0.16729794210607385 0.0016378097332474997 0.9706697055275433
323 -0.0741678923368454 0.1511422097682953 0.10418659448623657 -0.17003392301338338 -0.1676419257539817 0.002170688734764218 0.971071537957611
324 -0.07426419109106064 0.15114803612232208 0.10429953783750534 -0.17022798497720468 -0.1675619860060375 0.0018888398540433283 0.9710519267595058
325 -0.0746508464217186 0.1517503708600998 0.10506972670555115 -0.17037705286439986 -0.16733105528099884 0.0014899501268689436 0.9710662976019013
326 -0.07514794915914536 0.15260542929172516 0.10507658869028091 -0.16913407774115766 -0.16637907460916654 0.0018718602768797805 0.971446430061928
327 -0.07516209036111832 0.15267863869667053 0.10504019260406494 -0.16950795097825222 -0.16647195079144453 0.0016754896740323912 0.9713657044380861
328 -0.07510405778884888 0.15259481966495514 0.10524256527423859 -0.17034901052275744 -0.16691501362250283 0.0013310609456474523 0.9711430510253615
329 -0.07518912851810455 0.15279468894004822 0.1054915338754654 -0.17027794388668324 -0.1671129409450545 0.001186549078176014 0.9711216613367447
330 -0.0753120481967926 0.15320339798927307 0.10671472549438477 -0.17027001102919423 -0.16802500353915426 0.0016072904188662426 0.9709650526750752
331 -0.07621202617883682 0.15386126935482025 0.10855315625667572 -0.16983000671638854 -0.16705199659693742 0.0007460746992834002 0.9712110223030963
332 -0.07654710114002228 0.15407197177410126 0.10908311605453491 -0.16987404789957714 -0.16691805329103565 0.0008232363783942676 0.9712262883354223
333 -0.07664132118225098 0.15417304635047913 0.10938470810651779 -0.17055295789276576 -0.16774095897060493 0.0003984695289798785 0.9709657586254736
334 -0.0768449455499649 0.1546158641576767 0.10909143835306168 -0.16953197774900106 -0.1671119749507994 0.0005912492889055753 0.9712528690703249
335 -0.07673699408769608 0.15486274659633636 0.10854484140872955 -0.1692200688164738 -0.1674410742136337 0.00082716943369632 0.971250414314329
336 -0.07650737464427948 0.15486253798007965 0.10799948871135712 -0.16942895061057636 -0.16795595053081055 0.0011974598995271115 0.9711247071712434
337 -0.0762234702706337 0.15456262230873108 0.10761803388595581 -0.17089894614072693 -0.168482949721916 0.0012572401970706696 0.9707757013157132
338 -0.07622367143630981 0.15463873744010925 0.10741814970970154 -0.17023095657450912 -0.16796295732295924 0.0006348196455001359 0.9709837678604434
339 -0.07613860815763474 0.15467971563339233 0.10748283565044403 -0.17021096043148434 -0.16823095722478953 0.0007585907572646147 0.970940781481268
340 -0.07636739313602448 0.1546555906534195 0.10757455974817276 -0.17066502555672977 -0.16792002549594082 0.000357095108156235 0.9709151284028817
341 -0.07644268870353699 0.1547265201807022 0.10750675201416016 -0.17093807124205293 -0.16805706328178627 0.0003277920895529141 0.9708433990134071
342 -0.07617708295583725 0.1548074185848236 0.10583159327507019 -0.17097304265645732 -0.1685000414284629 0.0015600010489080986 0.97075925392271
343 -0.075953908264637 0.1544157713651657 0.10421591997146606 -0.17118593490132888 -0.16775893867136926 0.0011681502765355093 0.9708506358873704
344 -0.07565024495124817 0.15434381365776062 0.10343179851770401 -0.17153799524447258 -0.16795199527820487 0.0012715195790749102 0.9707549789363901
345 -0.07549840956926346 0.15422068536281586 0.10326290875673294 -0.171590968527006 -0.1683489713335707 0.0012969401094299695 0.9706768208860014
346 -0.07554437965154648 0.15423835813999176 0.10335671156644821 -0.17140706661702867 -0.1679980609981556 0.001080900570353576 0.9707703672640533
347 -0.07566625624895096 0.15434548258781433 0.10405535250902176 -0.17164499090663957 -0.16839398747098794 0.0008262554491985889 0.970659972676598
348 -0.07557183504104614 0.15423689782619476 0.10364103317260742 -0.17177292719368023 -0.16828192814096068 0.0009922324593453124 0.9706566106754392
349 -0.07541438192129135 0.154147669672966 0.10299959033727646 -0.17163699929395554 -0.1680090004742288 0.0009357502339885818 0.9707280008056813
350 -0.0745493471622467 0.15356405079364777 0.10017632693052292 -0.1708819443926723 -0.16813494769880982 0.0015079793081718635 0.9708386716095575
351 -0.0738174319267273 0.152418851852417 0.09791192412376404 -0.17258206242974758 -0.16875405878900082 0.0006884366588033357 0.97043136077529
352 -0.07201248407363892 0.15063928067684174 0.09324502944946289 -0.17248299116448787 -0.1685509848183391 0.0010609700752961346 0.9704839278560338
353 -0.07087206840515137 0.14962449669837952 0.09017528593540192 -0.17200899324615032 -0.16854598206303428 0.0010588390557210172 0.9705689182033661
354 -0.06900639086961746 0.1474391371011734 0.08410091698169708 -0.17100296935372378 -0.16682996875457004 0.00127713992328124 0.9710427962152479
355 -0.06584306061267853 0.14377745985984802 0.07643811404705048 -0.17228204443086123 -0.16689504365142208 0.0004662271840718234 0.9708062238073479
356 -0.0623072125017643 0.13870039582252502 0.06723909080028534 -0.175068004995792 -0.16571601278881343 -0.0012677202185199252 0.9705090395896064
357 -0.06050809100270271 0.13666874170303345 0.06321654468774796 -0.1753189158767762 -0.1657429075716781 -0.002189588693667017 0.9704575103172767
358 -0.055745720863342285 0.13112059235572815 0.0535917691886425 -0.17585904368413824 -0.16590004293751195 -0.0028320105261744758 0.9703312551064897
359 -0.050019316375255585 0.1246924176812172 0.04299629479646683 -0.1781279175267724 -0.16801192062944553 -0.005266476616162531 0.9695435550102494
360 -0.04338108003139496 0.11387398093938828 0.031223595142364502 -0.18623793407221714 -0.17055594415725653 -0.010137095940982069 0.96753467189654
361 -0.04027494415640831 0.10886576771736145 0.024340344592928886 -0.18840192712706955 -0.17088393888550224 -0.01335409542415004 0.9670186414588523
362 -0.036821670830249786 0.1012863740324974 0.010604874230921268 -0.1904969722212079 -0.16770897788644282 -0.018260697133472184 0.9670838363631908
363 -0.028113922104239464 0.09034417569637299 -0.004581748507916927 -0.1959110125623243 -0.1711260156415542 -0.022864902591770715 0.9653040756939788
364 -0.021612126380205154 0.08258195966482162 -0.0223136804997921 -0.19181703994431237 -0.1697680435377409 -0.026221706011921198 0.9662802115229038
365 -0.01751229353249073 0.07895958423614502 -0.033439528197050095 -0.18898007782162757 -0.1683550739181395 -0.026938611698489937 0.9670663939595896
366 -0.00929521769285202 0.0737026184797287 -0.05597804859280586 -0.1824600368962916 -0.16808303815145484 -0.027394006586049794 0.9683522053738214
367 -0.0017223581671714783 0.06508305668830872 -0.07923372089862823 -0.1731759677780338 -0.16755196320978394 -0.025048594143259086 0.9702107967451649
368 0.00674129743129015 0.05838637426495552 -0.10069422423839569 -0.16696995795501463 -0.17025695468269014 -0.02246759355319573 0.970890725503642
369 0.011747118085622787 0.05552878975868225 -0.11295299977064133 -0.16552493196366924 -0.1713699320091236 -0.021843489995663656 0.9709565965771466
370 0.017641954123973846 0.04090931639075279 -0.13590875267982483 -0.1670339840036662 -0.16933997564659461 -0.023653897045396673 0.9710119051827125
371 0.023278966546058655 0.028767013922333717 -0.15786905586719513 -0.16248398778244263 -0.16715199142178075 -0.023506298678370185 0.9721659378191486
372 0.032379817217588425 0.029301967471837997 -0.1772446483373642 -0.16090706037912833 -0.16994406555825592 -0.023079609145558323 0.9719543528895935
373 0.040939681231975555 0.025085575878620148 -0.2000294327735901 -0.1595119995702863 -0.1703409994288245 -0.023114199481276364 0.9721139828662333
374 0.04528898000717163 0.020603183656930923 -0.21323643624782562 -0.15630706050814036 -0.1702770624234348 -0.021604007636988512 0.9726803634902376
375 0.05466063320636749 0.01533519010990858 -0.23664164543151855 -0.15546798184837668 -0.17183097264109354 -0.020339496518902624 0.972568822095052
376 0.06384176760911942 0.015227076597511768 -0.25943121314048767 -0.15255799238984993 -0.17268899840247637 -0.017767999236027808 0.972927990070807
377 0.07134774327278137 0.007356763351708651 -0.2830069959163666 -0.15299201080572714 -0.17329701309293535 -0.01780290102633517 0.9727510689474882
378 0.07468079775571823 0.0054245274513959885 -0.29400762915611267 -0.15200502075574654 -0.1733530320272723 -0.01717050225070324 0.9729071756889737
379 0.08021148294210434 0.005892714951187372 -0.3172818124294281 -0.15129705871180946 -0.17421806791906494 -0.01522560574738835 0.9728953898647162
380 0.08360256999731064 0.0011286897351965308 -0.34333059191703796 -0.15326197070519654 -0.17495796018386725 -0.013619497855479345 0.9724787814465907
